000000000000000000000000000000000000000000000000000000000000000000000000000000000000000000000000000000000000000000000000000000000000000000000000000000000000000000000000000000000000000000000000000000000000000000000000000000000000000000000000000000000000000000000000000000000000000000000000000000000000000000000000000000000000000000000000000000000000000000000000000000000000000000000000
000000000000000000000000000000000000000000000000000000000000000000000000000000000000000000000000000000000000000000000000000000000000000000000000000000000000000000000000000000000000000000000000000000000000000000000000000000000000000000000000000000000000000000000000000000000000000000000000000000000000000000000000000000000000000000000000000000000000000000000000000000000000000000000000
000000000000000000000000000000000000000000000000000000000000000000000000000000000000000000000000000000000000000000000000000000000000000000000000000000000000000000000000000000000000000000000000000000000000000000000000000000000000000000000000000000000000000000000000000000000000000000000000000000000000000000000000000000000000000000000000000000000000000000000000000000000000000000000000
000000000000000000000000000000000000000000000000000000000000000000000000000000000000000000000000000000000000000000000000000000000000000000000000000000000000000000000000000000000000000000000000000000000000000000000000000000000000000000000000000000000000000000000000000000000000000000000000000000000000000000000000000000000000000000000000000000000000000000000000000000000000000000000000
000000000000000000000000000000000000000000000000000000000000000000000000000000000000000000000000000000000000000000000000000000000000000000000000000000000000000000000000000000000000000000000000000000000000000000000000000000000000000000000000000000000000000000000000000000000000000000000000000000000000000000000000000000000000000000000000000000000000000000000000000000000000000000000000
000000000000000000000000000000000000000000000000000000000000000000000000000000000000000000000000000000000000000000000000000000000000000000000000000000000000000000000000000000000000000000000000000000000000000000000000000000000000000000000000000000000000000000000000000000000000000000000000000000000000000000000000000000000000000000000000000000000000000000000000000000000000000000000000
000000000000000000000000000000000000000000000000000000000000000000000000000000000000000000000000000000000000000000000000000000000000000000000000000000000000000000000000000000000000000000000000000000000000000000000000000000000000000000000000000000000000000000000000000000000000000000000000000000000000000000000000000000000000000000000000000000000000000000000000000000000000000000000000
000000000000000000000000000000000000000000000000000000000000000000000000000000000000000000000000000000000000000000000000000000000000000000000000000000000000000000000000000000000000000000000000000000000000000000000000000000000000000000000000000000000000000000000000000000000000000000000000000000000000000000000000000000000000000000000000000000000000000000000000000000000000000000000000
000000000000000000000000000000000000000000000000000000000000000000000000000000000000000000000000000000000000000000000000000000000000000000000000000000000000000000000000000000000000000000000000000000000000000000000000000000000000000000000000000000000000000000000000000000000000000000000000000000000000000000000000000000000000000000000000000000000000000000000000000000000000000000000000
000000000000000000000000000000000000000000000000000000000000000000000000000000000000000000000000000000000000000000000000000000000000000000000000000000000000000000000000000000000000000000000000000000000000000000000000000000000000000000000000000000000000000000000000000000000000000000000000000000000000000000000000000000000000000000000000000000000000000000000000000000000000000000000000
000000000000000000000000000000000000000000000000000000000000000000000000000000000000000000000000000000000000000000000000000000000000000000000000000000000000000000000000000000000000000000000000000000000000000000000000000000000000000000000000000000000000000000000000000000000000000000000000000000000000000000000000000000000000000000000000000000000000000000000000000000000000000000000000
000000000000000000000000000000000000000000000000000000000000000000000000000000000000000000000000000000000000000000000000000000000000000000000000000000000000000000000000000000000000000000000000000000000000000000000000000000000000000000000000000000000000000000000000000000000000000000000000000000000000000000000000000000000000000000000000000000000000000000000000000000000000000000000000
000000000000000000000000000000000000000000000000000000000000000000000000000000000000000000000000000000000000000000000000000000000000000000000000000000000000000000000000000000000000000000000000000000000000000000000000000000000000000000000000000000000000000000000000000000000000000000000000000000000000000000000000000000000000000000000000000000000000000000000000000000000000000000000000
000000000000000000000000000000000000000000000000000000000000000000000000000000000000000000000000000000000000000000000000000000000000000000000000000000000000000000000000000000000000000000000000000000000000000000000000000000000000000000000000000000000000000000000000000000000000000000000000000000000000000000000000000000000000000000000000000000000000000000000000000000000000000000000000
000000000000000000000000000000000000000000000000000000000000000000000000000000000000000000000000000000000000000000000000000000000000000000000000000000000000000000000000000000000000000000000000000000000000000000000000000000000000000000000000000000000000000000000000000000000000000000000000000000000000000000000000000000000000000000000000000000000000000000000000000000000000000000000000
000000000000000000000000000000000000000000000000000000000000000000000000000000000000000000000000000000000000000000000000000000000000000000000000000000000000000000000000000000000000000000000000000000000000000000000000000000000000000000000000000000000000000000000000000000000000000000000000000000000000000000000000000000000000000000000000000000000000000000000000000000000000000000000000
000000000000000000000000000000000000000000000000000000000000000000000000000000000000000000000000000000000000000000000000000000000000000000000000000000000000000000000000000000000000000000000000000000000000000000000000000000000000000000000000000000000000000000000000000000000000000000000000000000000000000000000000000000000000000000000000000000000000000000000000000000000000000000000000
000000000000000000000000000000000000000000000000000000000000000000000000000000000000000000000000000000000000000000000000000000000000000000000000000000000000000000000000000000000000000000000000000000000000000000000000000000000000000000000000000000000000000000000000000000000000000000000000000000000000000000000000000000000000000000000000000000000000000000000000000000000000000000000000
000000000000000000000000000000000000000000000000000000000000000000000000000000000000000000000000000000000000000000000000000000000000000000000000000000000000000000000000000000000000000000000000000000000000000000000000000000000000000000000000000000000000000000000000000000000000000000000000000000000000000000000000000000000000000000000000000000000000000000000000000000000000000000000000
000000000000000000000000000000000000000000000000000000000000000000000000000000000000000000000000000000000000000000000000000000000000000000000000000000000000000000000000000000000000000000000000000000000000000000000000000000000000000000000000000000000000000000000000000000000000000000000000000000000000000000000000000000000000000000000000000000000000000000000000000000000000000000000000
000000000000000000000000000000000000000000000000000000000000000000000000000000000000000000000000000000000000000000000000000000000000000000000000000000000000000000000000000000000000000000000000000000000000000000000000000000000000000000000000000000000000000000000000000000000000000000000000000000000000000000000000000000000000000000000000000000000000000000000000000000000000000000000000
000000000000000000000000000000000000000000000000000000000000000000000000000000000000000000000000000000000000000000000000000000000000000000000000000000000000000000000000000000000000000000000000000000000000000000000000000000000000000000000000000000000000000000000000000000000000000000000000000000000000000000000000000000000000000000000000000000000000000000000000000000000000000000000000
000000000000000000000000000000000000000000000000000000000000000000000000000000000000000000000000000000000000000000000000000000000000000000000000000000000000000000000000000000000000000000000000000000000000000000000000000000000000000000000000000000000000000000000000000000000000000000000000000000000000000000000000000000000000000000000000000000000000000000000000000000000000000000000000
000000000000000000000000000000000000000000000000000000000000000000000000000000000000000000000000000000000000000000000000000000000000000000000000000000000000000000000000000000000000000000000000000000000000000000000000000000000000000000000000000000000000000000000000000000000000000000000000000000000000000000000000000000000000000000000000000000000000000000000000000000000000000000000000
000000000000000000000000000000000000000000000000000000000000000000000000000000000000000000000000000000000000000000000000000000000000000000000000000000000000000000000000000000000000000000000000000000000000000000000000000000000000000000000000000000000000000000000000000000000000000000000000000000000000000000000000000000000000000000000000000000000000000000000000000000000000000000000000
000000000000000000000000000000000000000000000000000000000000000000000000000000000000000000000000000000000000000000000000000000000000000000000000000000000000000000000000000000000000000000000000000000000000000000000000000000000000000000000000000000000000000000000000000000000000000000000000000000000000000000000000000000000000000000000000000000000000000000000000000000000000000000000000
000000000000000000000000000000000000000000000000000000000000000000000000000000000000000000000000000000000000000000000000000000000000000000000000000000000000000000000000000000000000000000000000000000000000000000000000000000000000000000000000000000000000000000000000000000000000000000000000000000000000000000000000000000000000000000000000000000000000000000000000000000000000000000000000
000000000000000000000000000000000000000000000000000000000000000000000000000000000000000000000000000000000000000000000000000000000000000000000000000000000000000000000000000000000000000000000000000000000000000000000000000000000000000000000000000000000000000000000000000000000000000000000000000000000000000000000000000000000000000000000000000000000000000000000000000000000000000000000000
000000000000000000000000000000000000000000000000000000000000000000000000000000000000000000000000000000000000000000000000000000000000000000000000000000000000000000000000000000000000000000000000000000000000000000000000000000000000000000000000000000000000000000000000000000000000000000000000000000000000000000000000000000000000000000000000000000000000000000000000000000000000000000000000
000000000000000000000000000000000000000000000000000000000000000000000000000000000000000000000000000000000000000000000000000000000000000000000000000000000000000000000000000000000000000000000000000000000000000000000000000000000000000000000000000000000000000000000000000000000000000000000000000000000000000000000000000000000000000000000000000000000000000000000000000000000000000000000000
000000000000000000000000000000000000000000000000000000000000000000000000000000000000000000000000000000000000000000000000000000000000000000000000000000000000000000000000000000000000000000000000000000000000000000000000000000000000000000000000000000000000000000000000000000000000000000000000000000000000000000000000000000000000000000000000000000000000000000000000000000000000000000000000
000000000000000000000000000000000000000000000000000000000000000000000000000000000000000000000000000000000000000000000000000000000000000000000000000000000000000000000000000000000000000000000000000000000000000000000000000000000000000000000000000000000000000000000000000000000000000000000000000000000000000000000000000000000000000000000000000000000000000000000000000000000000000000000000
000000000000000000000000000000000000000000000000000000000000000000000000000000000000000000000000000000000000000000000000000000000000000000000000000000000000000000000000000000000000000000000000000000000000000000000000000000000000000000000000000000000000000000000000000000000000000000000000000000000000000000000000000000000000000000000000000000000000000000000000000000000000000000000000
000000000000000000000000000000000000000000000000000000000000000000000000000000000000000000000000000000000000000000000000000000000000000000000000000000000000000000000000000000000000000000000000000000000000000000000000000000000000000000000000000000000000000000000000000000000000000000000000000000000000000000000000000000000000000000000000000000000000000000000000000000000000000000000000
000000000000000000000000000000000000000000000000000000000000000000000000000000000000000000000000000000000000000000000000000000000000000000000000000000000000000000000000000000000000000000000000000000000000000000000000000000014000000000000000000000000000000000000000000000000000000000000000000000000000000000000000000000000000000000000000000000000000000000000000000000000000000000000000
000000000000000000000000000000000000000000000000000000000000000000000000000000000000000000000000000000000000000000000000000000000000000000000000000000000000000000000000000000000000000000000000000000000000000000000000000000005000000000000000000000000000000000000000000000000000000000000000000000000000000000000000000000000000000000000000000000000000000000000000000000000000000000000000
000000000000000000000000000000000000000000000000000000000000000000000000000000000000000000000000000000000000000000000000000000000000000000000000000000000000000000000000000000000000000000000000000000000000000000000000000000010005000000000000000000000000000000000000000000000000000000000000000000000000000000000000000000000000000000000000000000000000000000000000000000000000000000000000
000000000000000000000000000000000000000000000000000000000000000000000000000000000000000000000000000000000000000000000000000000000000000000000000000000000000000000000000000000000000000000000000000000000000000000000000000005010005000000000000000000000000000000000000000000000000000000000000000000000000000000000000000000000000000000000000000000000000000000000000000000000000000000000000
000000000000000000000000000000000000000000000000000000000000000000000000000000000000000000000000000000000000000000000000000000000000000000000000000000000000000000000000000000000000000000000000000000000000000000000000000005010005000000000000000000000000000000000000000000000000000000000000000000000000000000000000000000000000000000000000000000000000000000000000000000000000000000000000
000000000000000000000000000000000000000000000000000000000000000000000000000000000000000000000000000000000000000000000000000000000000000000000000000000000000000000000000000000000000000000000000000000000000000000000000000005010005000000000000000000000000000000000000000000000000000000000000000000000000000000000000000000000000000000000000000000000000000000000000000000000000000000000000
000000000000000000000000000000000000000000000000000000000000000000000000000000000000000000000000000000000000000000000000000000000000000000000000000000000000000000000000000000000000000000000000000000000000000000000000005010010005000000000000000000000000000000000000000000000000000000000000000000000000000000000000000000000000000000000000000000000000000000000000000000000000000000000000
000000000000000000000000000000000000000000000000000000000000000000000000000000000000000000000000000000000000000000000000000000000000000000000000000000000000000000000000000000000000000000000000000000000000000000000005005010005005000000000000000000000000000000000000000000000000000000000000000000000000000000000000000000000000000000000000000000000000000000000000000000000000000000000000
000000000000000000000000000000000000000000000000000000000000000000000000000000000000000000000000000000000000000000000000000000000000000000000000000000000000000000000000000000000000000000000000000000000000000000005005005010005005005000000000000000000000000000000000000000000000000000000000000000000000000000000000000000000000000000000000000000000000000000000000000000000000000000000000
000000000000000000000000000000000000000000000000000000000000000000000000000000000000000000000000000000000000000000000000000000000000000000000000000000000000000000000000000000000000000000000000000000000000000000005005005010010010005000000000000000000000000000000000000000000000000000000000000000000000000000000000000000000000000000000000000000000000000000000000000000000000000000000000
000000000000000000000000000000000000000000000000000000000000000000000000000000000000000000000000000000000000000000000000000000000000000000000000000000000000000000000000000000000000000000000000000000000000005005005005005005005010005005000000000000000000000000000000000000000000000000000000000000000000000000000000000000000000000000000000000000000000000000000000000000000000000000000000
005000000000000000000000000000000000000000000000000000000000000000000000000000000000000000000000000000000000000000000000000000000000000000000000000000000000000000000000000000000000000000000000000000000005005005005005005005010010005005000000000000000000000000000000000000000000000000000000000000000000000000000000000000000000000000000000000000000000000000000000000000000000000000000000
005000000000000000000000000000000000000000000000000000000000000000000000000000000000000000000000000000000000000000000000000000000000000000000000000005005005005005005000000000000000000000000000000000000005010010010010010010010005005005000000000000000000000000000000000000000000000000000000000000000000000000000000000000000000000000000000000000000000000000000000000000000000000000000000
005000000000000000000000000000000000000000000000000000000000000000000000000000000000000000000000000000000000000000000000000000000000000000000005005005005005005005005005005005005000000000000000000000000005010005005005005005005005005005005000000000000000000000000000000000000000000000000000000000000000000000000000000000000000000000000000000000000000000000000000000000000000000000000000
005005000000000000000000000000000000000000000000000000000000000000000000000000000000000000000000000000000000000000000000000000000000005005005005005005005005005005005005005005005000000000000000000000005005010005010010010010005005005005005005000000000000000000000000000000000000000000000000000000000000000000000000000000000000000000000000000000000000000000000000000000000000000000000000
005005005000000000000000000000000000000000000000000000000000000000000000000000000000000000000000000000000000000000000000000000005005005005005005005005005005005005005005005005005002002002002000000000005005010010010005005010010005005005005005000000000000000000000000000000000000000000000000000000000000000000000000000000000000000000000000000000000000000000000000000000000000000000000000
005005005000000000000000000000000000000000000000000000000000000000000000000000000000000000000000000000000000000002002002002005005005005005005005005005005005005005005005005005005005002002002000000000000000005005005005005005010010005005005005005000000000000000000000000000000000000000000000000000000000000000000000000000000000000000000000000000000000000000000000000000000000000000000000
005005005005000000000000000000000000000000000000000000000000000000000000000000000000000000000000000000000002002002002002002005005005005005005005005005005005005005005005005005005005002002002002000000000000000005005005005005005010010002000000000000000000000000000000000000000000000000000000000000000000000000000000000000000000000000000000000000000000000000000000000000000000000000000000
005005005005005000000000000000000000000000000000000000000000000000000000000000000000000000000000000000002002002002002002002005005005005005005005005005005005005005005005005005005007002002002002002000000000000000000005005005002002002002000000000000000000000000000000000000000000000000000000000000000000000000000000000000000000000000000000000000000000000000000000000000000000000000000000
005005005005005005005005005000000000000000000000000000000000000000000000000000000000000000000000000000002002002002002002002002002005005005005005005005005005005005005005005005005005005002002002002002002000000000000000000000002002002002000000000000000000000000000000000000000000000000000000000000000000000000000000000000000000000000000000000000000000000000000000000000000000000000000005
005005005005005005005005005005005005005000000000000000000000000000000000000000000000000000000000000000002002002002002002002002002002005005005005005005005005005005005005005005005005005002002002002002002008000000000000000000002002002002002000000000000000000000000000000000000000000000000000000000000000000000000000000000000000000000000000000000000000000000000000000000000000000000000005
005005005005005005005005005005005005005005005000000000000000000000000000000000000000000000000000000000002002002002002002002002002002002005005005005005005005005005005005005005005005005005002002002002002008008008008000000000002002002002002000000000000000000000000000000000000000000000000000000000000000000000000000000000000000000000000000000000000000000000000000000000000000000000005005
005005005005005005005005005005005005005005005005000000000000000000000000000000000000000000000000000008008008002002002002002002002002002002002002002002002002005005005005005005005005005005002002002002002008008008008000000000002002002002002000000000000000000000000000000000000000000000000000000000000000000000000000000000000000000000000000000000000000000000000000000000000000000005005005
005005005005005005005005005005005005005005005005005005000000000000000000000000000008008008008008008008008008008008002002002002002002002002002002002002002002007005005005005005005005005005002002002002002002008008008008000000002002002002008000000000000000000000000000000000000000000000000000000000000000006000000000000000000000000000000000000000000000000000000000000000000000000005005005
005005005005005005005005005005005005005005005005005005005005005000000008008008008008008008008008008008008008008008008002002002002002002002002002002002002002005005005005005005005005005000000002002002002002008008008008000000002002002002008000000000000000000000000000000000000000000000000000000002002002002002002002000000000000000000000000000000000000000000000000000000000000005005005005
005005005005005005005005005005005005005005005005005005005005005008008008008008008008008008008008008008008008008008008002002002002002002002002002002002002000005005005005005005000000000000000002002002002002002008008008000008002002002002008000000000000000000000000000000000000000000000000002002002002002002002002002002002000000000000000000000000000000000000000000000000005005005005005000
005005005005005005005005005005005005005005005005005005005005005008008008008008008008008008008008008008008008008008008002002002002002002002053002002000000000000005005005000000000000000000000000002002002002002002008008008008002002002002008008000000000000000000000000000000000000000000002002002002002002002002002002002002002000000000000000000000000000000000000000005005005005005000000000
005005005005005005005005005005005005005005005005005005005005005008008008008008008008008008008008008008008008008008008002002000000000000000006000000000000000000000000000000000000000000000000000002002002002002002008008008008002002002002002008000000000000000000000000000000000000000002002002002002002002001002002002002002002002000000000000000000005005005005005005005005005005000005005005
005005005005005005005005005005005005005005005005005005005005005008008008008008008008008008008008008008008008008008008000000000000000000000000000000000000000000000000000000000000000000000000000002002002002002002002002002002002002002002002008000000000000000000000000000000000000002002002002002002002001002001002002002002002002002000000000005005005005005005005005005005005000005005005005
005005005005005005005005005005005005005005005005005005005005005008008008008008008008008008008008008008008000000000000000000000000000000000000000000000000000000000000000000000000000000000000000002002002002002002002002002002002002002002002008008008000000000000000000000000000000002002002002002000000000006000000000002002002002002000000005005005005005005005005005005005005000005005005005
005005005005005005005005005005005005005005005005005005005005005008008008008008008008008008008008008000000000000000000000000000000000000000000000000000000000000000000000000000000000000000000002002002002002002002002002002002002002002002002008008008000000000000000000000000000002002002002002002000071071071071071000002002002002002002005005005005005005005005005005005005000005005005005005
005005005005005005005005005005005005005005005005005005005005005008008008008008008008008008008008008000000000000000000000000000000000000000000000000000000000000000000000000000000000000000006053002002002002002002002002002002002002002002008008008008000000000000000000000000000002002002002002002000071065065065071000002002002002002002005005005005005005005005005005005000005005005005005005
005005005005005005005005005005005005005005005005005005005005005008008008008008008008008008008008008000000000000000000000000000000000000000000000000000000000000000000000000000000000000000000002002008008008008008008002002002002002002002008008008008000000000000000000000000000002002002002002002000071065065065071000002002002002002002005005005005005005005005005005000005005005005005005005
005005005005005005005005005005005005005005005005005005005005005008008008008008008008008008008008008000000000000000000000000000000000000000000000000000000000000000000000000000000000000000000002002008008008008008008002002002002002002008008008008008000000000000000000000000000002002002002002002000071065065065071000002002002002002002005005005005005005005005005000000005005005005005005005
005005005005005005005005005005005005005005005005005005005005005002008008008008008008008008008008008000000000000000000000000000000000000000000000000000000000000000000000000000000000000000000000008008008008008008008002002002002002008008008008008008000000000000000000000000000002002002002002002000071071006071071000002002002002002002005005005005005005005005000000005005005005005005005005
005005005005005005005005005005005005005005005005005005005005005002002008008008008008008008008008000000000000000000000000000000000000000000000000000000000000000000000000000000000000000000000000008008008008008008008008002002002002008008008008008000000000000000000000000000000000002002002002002000000000000000000000002002002002002005005005005005005000000000000005005005005005005005005005
005005005005005005005005005005005005005005005005005005005005002002002002002008008008008008008008000000000000000000000000000000000000000000000000000000000000000000000000000000000000000000000000008008008008008008008008002002002002008008008008008000000000000000000000000000000000002002002002002002002002002002002002002002002002002005005005005005000000000005005005005005005005005005005005
005005005005005005005005005005005005005005005005005005005005002002002002002002008008008000000000000000000000000000000000000000000000000000000000000000000000000000000000000000000000000000000000000000000008008008008008002002002002008008008000000000000000000000000000000000000000000002002002002002002002002002002002002002002002005005005005000000000000005005005005005005005005005005005005
005005005005005005005005005005005005005005005005005005005005002002002002002002002000000000000000000000000000000000000000000000000000000000000000000000000000000000000000000000000000000000000000000000000000000000000000000000050000000000000000000000000000000000000000000000000000000000002002002002002002002002002002002002002005005000000000000000000000005005005005005005005005005005005005
005005005005005005005005005005005005000000000000000000000000006000000002002002002000000000000000000000000000000000000000000000000000000000000000000000000000000000000000000000000000000000000000000000000000000000000000000000050000000000000000000000000000000000000000000000000000000000000002002002002002002002002002002002000000000000000000000000000005005005005005005005005005005005005005
005005005005005005005000000000000000000000000000000000000000006000000000000000000000000000000000000000000000000000000000000000000000000000000000000000000000000000000000000000000000000000000000000000000000000000000000000000050000000000000000000000000000000000000000000000000000000000000000000000002002002002002002000000000000000000000000000005005005005005005005005005005005005005005005
005005005005005005000000005005000000000000000000000000000000006000000000000000000000000000000000000000000000000000000000000000000000000000000000000000000000000000000000000000000000000000000000000000000000000000000000000000050000000000000000000000000000000000000000000000000000000000000000000000000000006000000000000000000000000000005005005005005005005005005005005005005005005005005005
005005000000000000000005005005005005000000000000000000000000006000000000000000000000000000000000000000000000000000000000000000000000000000000000000000000000000000000000000000000000000000000000000000000000000000000000000000050000000000000000000000000000000000000000000000000000000000000000000000000000006000000000000000000000000005005005005005005005005005005005005005005005005005005005
005000000005005005005005005005005005005005005005005000000000006000000000000000000000000000000000000000000000000000000000000000000000000000000000000000000000000000000000000000000000000000000000000000000000000000000000000000050000000000000000000000000000000000000000000000000000000000000000000000000000006000000000000000000000005005005005005005005005005005005005005005005005005005005005
000005005005005005005005005005005005005005005005005000000002002000000000000000000000000000000000000000000000000000000000000000000000000000000000000000000000000000000000000000000000000000000000000000000000000000000000000000050000000000000000000000000000000000000000000000000000000000008008008008008008010008008008008008008008005005005005005005005005005005005005005005005005005005005005
005005005005005005005005005005005005005005005005005002002002002000000000000000000000000000000000000000000000000000000000000000000000000000000000000000000000000000000000000000000000000000000000000000000000000000000000000000050000000000000000000000000000000000000000000000000008008008008008008008008008010008008008008008008008005005005005005005005005005005005005005005005005005005005005
005005005005005005005005005005005005005005005005005002002002002003000000000000000000000000000000000000000000000000000000000000000000000000000000000000000000000000000000000000000000000000000000000000000000000000000000000000050000000000000000000000000000000000000000008008008008008008008008008008008008010008008008008008008008005005005005005005005005005005005005005005005005005005005005
005005005005005005005005005005005005005005005005005002002002002003000000000000000000000000000000000000000000000000000000000000000000000000000000000000000000000000000000000000000000000000000000000000000000000000000000000000050000000000000000000000000000000000000000008008008008008008010010010010010010010008008008008008008008005005005005005005005005005005005005005005005005005005005005
005005005005005005005005005005005005005005005005005002002002002003000000000000000000000000000000000000000000000000000000000000000000000000000000002002000000000000000000000000000000000000000000000000000000000000000000000000050000000000000000000000000000000000008008008008008008008010010008008008008008008008008008008008008005005005005005005005005005005005005005005005005005005005005005
005005005005005005005005005005005005005005005005005002002002002003000000000000000000000000000000000000000000000000000000000000000000002002002002002000000000000000000000000000000000000000000000000000000000000000000000000000050000000000000000000000000000000000008008008008008008008010008008008008008008008008008008008008008005005005005005005005005005005005005005005005005005005005005005
000000005005005005005005005005005005005005005005005002002002002003003003000000000000000000000000000000000000000000000000003003003002002002000000000000000000000000000000000000000000000000000000000000000000000000000000000000050000000000000000000000000000000000008008008008008008008010008008008008008008008008008008008008008005005005005005005005005005005005005005005005005005005005005005
005005000005005005005005005005005005005005005005005002002002002002003003003003000000000000000000000000000000000000003003003002002002002000000000000000000000000000000000000000000000000000000000000000000000000000000000000000050000000000000000000000000000000008008008008008010010010010008008008008008008008008008008008008005005005005005005005005005005005005005005005005005005005005005005
005005000005005005005005005005005005005005005005005005002002002002003003003003003003000000000000000000000003003003003002002002002002000000000000000000000000000000000000000000000000000000000000000000000000000000000000000000050000000000000008008008008008008008008008008008010008008008008008008008008008008008008008005005005005005005005005005005005005005005005005005005005005005005005005
005005000005005005005005005005005005005005005005005005002002002002002003003003003003003003003003003003003003003002002002002002002000000000000000000000000000000000000000000000000000000000000000000000000000000000000000002002010002002000008008008008008008008008008008008010010008008008008008008008008008008008008005005005005005005005005005005005005005005005005005005005005005005005005005
005005000005005005005005005005005005005005005005005005002002002002002002002003003003003003003003003003002002002002002002002000000000000000000000000000000000000000000000000000000000000000000000000000000000000000000000002002010002002000008008008008008008008008008008010010008008008008008008008008008008008008008005005005005005005005005005005005005005005005005005005005005005005005005005
005005005000005005005005005005005005005005005005005005002002002002002002002002002002002003003003002002002002002002002002000000000000000000000000000000000000000000000000000000000000000000000000000000000000000000000002002002010002002002008008008008008008008008008010010008008008008008008008008008008008008008008005005005005005005005005005005005005005005005005005005005005005005005005005
005005005000005005005005005005005005005005005005005005005002002002002002002002002002002002002002002002002002002000000000000000000000000000000000000000000000000000000000000000000000000000000000000000000000000000000002002002010002002008008008008008008008008008008010008008008008008008008008008008008008008008005005005005005005005005005005005005005005005005005005005005005005005005005005
005005005000005005005005005005005005005005005005005005005005002002002002002002002002002002002002002002002002000000000000000000000000000000000000000000000000000000000000000000000000000000000000000000000000000000000002002002010010010010010010010008008008008010010010008008008008008008008008008008008008008008005005005005005005005005005005005005005005005005005005005005005005005005005005
005005005000005005005005005005005005005005005005005005005005005002002002002002002002002002002002002002002002000000000000000000000000000000000000000000000000000000000000000000000000000000000000000000000000000000000002008008008010008008008008010010010010010010008008008008008008008008008008008008008008008005005005005005005005005005005005005005005005005005005005005005005005005005005005
005005005000005005005005005005005005005005005005005005005005005005005005005002002002002002002002002002002000000000000000000000000000000000000000000000000000000000000000000000000000000000000000000000000000000000000008008008008010008008008008008008008008008008008008008008008008008008008008008008008008008005005005005005005005005005005005005005005005005005005005005005005005005005005005
005005005005000005005005005005005005005005005005005005005005005005005005005005005005005010005005005005005000000000000000000000000000000000000000000000000000000000000000000000000000000000000000000000000000000000000000008008008010008008008008008008008008008008008008008008008008008008008008008008008008008005005005005005005005005005005005005005005005005005005005005005005005005005005005
005005005005000005005005005005005005005005005005005005005005005005005005005005005005005010005005005005005005005005000000000000000000000000000000000000000000000000000000000000000000000000000000000000000000000000000000008008008010010008008008008008008008008008008008008008008008008008008008008008008008008005005005005005005005005005005005005005005005005005005005005005005005005005005005
005005005005005000000000005005005005005005005005005005005005005005005005005005005005005010005005005005005005005005000000000000000000000000000000000000000000000000000000000000000000000000000000000000000000000000000000008008008008010010008008008008008008008008008008008008008008008008008008008008008008008005005005005005005005005005005005005005005005005005005005005005005005005005005005
005005005005005005000005000000005005005005005005005005005005005005005005005005005005005010005005005005005005005005005002002002000000000000000000000000000000000000000000000000000000000000000000000000000000000000000000008008008008008010010010008008008008008008008008008008008008008008008008008008008008008005005005005005005005005005005005005005005005005005005005005005005005005005005005
005005005005005000005005005000005005005005005005000005005005005005005001002002002002002002002002002002002002002002002002002002002000000000000000000000000000000000000000000000000000000000000000000000000000000000000000008008008008008008008010008008008008008008008008008008008008008008008008008008008008008005005005005005005005005005005005005005005005005005005005005005005005005005005005
005005005005005000005005005005000000005005005000000000000001001001001001002002002002002002002002002002002002002002002002053002002002000000000000000000000000000000000000000000000000000000000000000000000000000000000000000008008008008008008010008008008008008008008008008008008008008010010010008008008008005005005005005005005005005005005005005005005005005005005005005005005005005005005005
005005005005005000005005005005005000000000000000000000000000001001001002002002002002002002002002002003003003002002002002002002002002000000000000000000000000000000000000000000000000000000000000000000000000000000000000000008008008008008008010010010008008008008008008008008008008008008008010008008008008005005005005005005005005005005005005005005005005005005005005005005005005005005005005
005005005005005000005005005005005005005005005000000000000000000001001002002002002002002002003003003003003003003003002002002002002000000000000000000000000000000000000000000000000000000000000000000000000000000000000000000008008008008008008008008010010010010010008008008008008008008008008010008008008008005005005005005005005005005005005005005005005005005005005005005005005005005005005005
005005005005005000005005005005005005005005005005005005005002000001002002002002002002003003003003003003003003003003003002002000000000000000000000000000000000000000000000000000000000000000000000000000000000000000000000000008008008008008008008008010008008008010010010010010010010008008008010008008008008005005005005005005005005005005005005005005005005005005005005005005005005005005005005
005005005005005005000005005005005005005005005005005005001002000002002002002002002003003003003000000000000000003003003003000000000000000000000000000000000000000000000000000000000000000000000000000000000000000000000000000008008008010010008008010010008008008010008008008008008010008008008010008008008008005005005005005005005005005005005005005005005005005005005005005005005005005005005005
005005005005005005000005005005005005005005005005005001001002000000002002002002002003003000000000000000000000000003003000000000000000000000000000000000000000000000000000000000000000000000000000000000000000000000000000000008008008008010008010010008008008010010010008008008008010010010010010008008008008005005005005005005005005005005005005005005005005005005005005005005005005005005005005
005005005005005005000005005005005005005005005005005001001002002000002002002002003003003000000000000000000000000000000000000000000000000000000000000000000000000000000000000000000000000000000000000000000000000000000000000000008008008010010010008008008008010008010008008010008008010008008008008008008008005005005005005005005005005005005005005005005005005005005005005005005005005005005005
005005005005005005000005005005005005005005005005007001001002002000002002002002003003003000000000000000000000000000000000000000000000000000000000000000000000000000000000000000000000000000000000000000000000000000000000000000008008008008008010008008010010010008010010010010008008010008008008008008008005005005005005005005005005005005005005005005005005005005005005005005005005005005005005
005005005005005005000005005005005005005005005005005001001002000000002002002003003003000000000000000000000000000000000000000000000000000000000000000000000000000000000000000000000000000000000000000000000000000000000000000000008008008008010010008008010008008008008010008008008008010010010008008008008005005005005005005005005005005005005005005005005005005005005005005005005005005005005005
005005005005005000005005005005005005005005005005005001001002000002002002002003003003000000000000000000000000000000000000000000000000000000000000000000000000000000000000000000000000000000000000000000000000000000000000000000005008008008008008008008008008008008008010008008008008008008008008008008008005005005005005005005005005005005005005005005005005005005005005005005005005005005005005
005005005005005000005005005005005005005005005005005005001002006002002002003003003000000000000000000000000000000000000000000000000000000000000000000000000000000000000000000000000000000000000000000000000000000000000000000000005008008008008008008008008008008008008008008008008008008008005005005005005005005005005005005005005005005005005005005005005005005005005005005005005005005005005005
005005005005005000005005005005005005005005005005005005001002000000002002003003003000000000000000000000000000000000000000000000000000000000000000000000000000000000000000000000000000000000000000000000000000000000000000000000005005005008008008008008008008008008008008008008008005005005005005005005005005005005005005005005005005005005005005005005005005005005005005005005005005005005005005
005005005005005000000005005005005005005005005005005005001002002000002002003003003000000000000000000000000000000000000000000000000000000000000000000000000000000000000000000000000000000000000000000000000000000000000000000000005005005005005005005005005005005005005005005005005005005005005005005005005005005005005005005005005005005005005005005005005005005005005005005005005005005005005005
005005005005005005000005005005005005005005005005005005001002002000000002003003000000000000000000000000000000000000000000000000000000000000000000000000000000000000000000000000000000000000000000000000000000000000000000000000005005005005005005005005005005005005005005005005005005005005005005005005005005005005005005005005005005005005005005005005005005005005005005005005005005005005005005
005005005005005005000005005005005005005005005005005005001001002002000002002000000000000000000000000000000000000000000000000000000000000000000000000000000000000000000000000000000000000000000000000000000000000000000000000005005005005005005005005005005005005005005005005005005005005005005005005005005005005005005005005005005005005005005005005005005005005005005005005005005005005005005005
005005005005005005005000005005005005005005005005005005001001002002000000000000000000000000000000000000000000000000000000000000000000000000000000000000000000000000000000000000000000000000000000000000000000000000000000005005005005005005005005005005005005005005005005005005005005005005005005005005005005005005005005005005005005005005005005005005005005005005005005005005005005005005005005
005005005005005005005005000005005005005005005005005005005001002000000000000000000000000000000000000000000000000000000000000000000000000000000000000000000000000000000000000000000000000000000000000000000000000000000005005005005005005005005005005005005005005005005005005005005005005005005005005005005005005005005005005005005005005005005005005005005005005005005005005005005005005005005005
005005005005005005005005005000005005005005000000000000000000000000000000000000000000000000000000000000000000000000000000000000000000000000000000000000000000000000000000000000000000000000000000000000000000000005005005005005005005005005005005005005005005005005005005005005005005005005005005005005005005005005005005005005005005005005005005005005005005005005005005005005005005005005005005
005005005005005005005005005000005005005000000000000000000000000000000000000000000000000000000000000000000000000000000000000000000000000000000000000000000000000000000000000000000000000000000000000000000005005005005005005005005005005005005005005005005005005005005005005005005005005005005005005005005005005005005005005005005005005005005005005005005005005005005005005005005005005005005005
005005005005005005005005005000000000005000000000000000000000000000000000000000000000000000000000000000000000000000000000000000000000000000000000000000000000000000000000000000000000000000000000000000000005005005005005005005005005005005005005005005005005005005005005005005005005005005005005005005005005005005005005005005005005005005005005005005005005005005005005005005005005005005005005
005005005005005005005005005005005000000000000000000000000000000000000000000000000000000000000000000000000000000000000000000000000000000000000000000000000000000000000000000000000000000000000000000000005005005005005005005005005005005005005005005005005005005005005005005005005005005005005005005005005005005005005005005005005005005005005005005005005005005005005005005005005005005005005005
005005005005005005005005005005005000000000000000000000000000000000000000000000000000000000000000000000000000000000000000000000000000000000000000000000000000000000000000000000000000000000000000000005005005005005005005005005005005005005005005005005005005005005005005005005005005005005005005005005005005005005005005005005005005005005005005005005005005005005005005005005005005005005005005
005005005005005005005005005000000000000000000000000000000000000000000000000000000000000000000000000000000000000000000000000000000000000000000000000000000000000000000000000000000000000000000005005005005005005005005005005005005005005005005005005005005005005005005005005005005005005005005005005005005005005005005005005005005005005005005005005005005005005005005005005005005005005005005005
005005005005005000000000000000000000000000000000000000000000000000000000000000000000000000000000000000000000000000000000000000000000000000000000000000000000000000000000000000000000000005005005005005005005005005005005005005005005005005005005005005005005005005005005005005005005005005005005005005005005005005005005005005005005005005005005005005005005005005005005005005005005005005005005
000000000000000000000000000000000000000000000000000000000000000000000000000000000000000000000000000000000000000000000000000000000000000000000000000000000000000000000000000000000000005005005005005005005005005005005005005005005005005005005005005005005005005005005005005005005005005005005005005005005005005005005005005005005005005005005005005005005005005005005005005005005005005005005005
000000000000000000000000000000000000000000000000000000000000000000000000000000000000000000000000000000000000000000000000000000000000000000000000000000000000000000000000000000000005005005005005005005005005005005005005005005005005005005005005005005005005005005005005005005005005005005005005005005005005005005005005005005005005005005005005005005005005005005005005005005005005005005005005
000000000000000000000000000000000000000000000000000000000000000000000000000000000000000000000000000000000000000000000000000000000000000000000000000000000000000000000000000000000005005005005005005005005005005005005005005005005005005005005005005005005005005005005005005005005005005005005005005005005005005005005005005005005005005005005005005005005005005005005005005005005005005005005005
000000000000000000000000000000000000000000000000000000000000000000000000000000000000000000000000000000000000000000000000000000000000000000000000000000000000000000000000000000005005005005005005005005005005005005005005005005005005005005005005005005005005005005005005005005005005005005005005005005005005005005005005005005005005005005005005005005005005005005005005005005005005005005005005
000000000000000000000000000000000000000000000000000000000000000000000000000000000000000000000000000000000000000000000000000000000000000000000000000000000000000000000000000000005005005005005005005005005005005005005005005005005005005005005005005005005005005005005005005005005005005005005005005005005005005005005005005005005005005005005005005005005005005005005005005005005005005005005005
