000000000000000000000000000000000000000000000000000000000000000000000000000000000000000000000000000000000000000000000000000000000000000000000000000000000000000000000000000000000000000000000000
000000000000000000000000000000000000000000000000000000000000000000000000000000000000000000000000000000000000000000000000000000000000000000000000000000000000000000000000000000000000000000000000
000000000000000014014014014014000000000000000000000000000000000000000000000000000000000000000000000014014014014000000000000000000000000000000000000000000000000000000000000000000000000000000000
000000000000000000014014014014014000000000000000000000000000000000000000000000000000000000000000014014014014014000000000000000000000000000000000000000000000000000000000000000000000000000000000
000000000000000000014014014000000000000000000000000000000000014014014014000000000000000000000000014014014014014014000000000000000000000014000000000000000000000000000000000000000000000000000000
000000000000000000000000000000000000000000000000000000000000014014014014014000000000000000000000000000000000014000000000000000000000014014014014000000000000000000000000000000000000000000000000
000000000000000000000000000000000000000000000000000000000000000000000000000000000000000000000000000000000000000000000000000000000014014014014014000000000000000000000000000000000000000000000000
000000000000000000000000000000000000000000000000000000000000000000000000000000000000000000000000000000000000000000000000000000000000014000000000000000000000000000000000000000000000000000000000
000000000000000000000000000000000000000000000000000000000000000000000000000000000000000000000000000000000000000000000000000000000000000000000000000000000000000000000000000000000000000000000000
000000000000000000000000000000000000000000000000000000000000000000000000000000000000000000000000000000000000000000000000000000000000000000000000000000000000000000000000000000000000000000000000
000000000000000000000000000000000000000000000000000000000000000000000000000000000000000000000000000000000000000000000000000000000000000000000000000000000000000000000000000000000000000000000000
000000000000000000000000000000000000000000000000000000000000000000000000000000000000000000000000000000000000000000000000000000000000000000000000000000000000000000000000000000000000000000000000
036036036036036036036036036036036036036036036036036036036036036036036036036036036036036036036036036036036036036036036036036036036036036036036036036036036036036036036036036036036036036036036036
036036036036036036036036036036036036036036036036036036036036036036036036036036036036002002002002002002002002036036036036036036036036036036036036036036036036036036036036036036036036036036036036
002002002002002002002002002002002002002002002002002002002002002002002002002002002002002002002002002002002002002002002002002002002002002002002002002002002002002002002002002002002002002002002002
002002002002002002002002002002002002002002002002002002002002002002002002002002002002002001001001001001001002002002002002002002002002002002002002002002002002002002002002002002002002002002002002
001001001001001001001001001001001001001001001001001001001001001001001001001001001001001001001001001001001001001001001001001001001001001001001001001001001001001001001001001001001001001001001001
001001001001001001001001001001001001001001001001001001001001001001001001001001001001001001001001001001001001001001001001001001001001001001001001001001001001001001001001001001001001001001001001
