00100000000000000000000000
00100000000011100000001000
00100000000000111110001000
00100000000010000010001000
00100000000011111010001000
00100000000000001010001111
00100000111111101010001000
00100000100000001010001000
00100000100111111010001000
00100000100100001010001000
00100000100101101010001000
00100000100100100010001000
00100000100110111010001000
00100000100100001010001000
00100000100111011010001000
00100000100101010000001000
00100000100101010110001000
00101111100101010111101000
00100000000101010000001000
00100000000101011111101000
00100000000101010000001000
00000000000101011100111000
00000000000100010100000000
00000000001100000100000000
00000000001001111100000000
00000000000000000000000000
