005 1387 792
005 1410 805
005 1392 817
004 798 789
004 849 817
004 891 789
004 934 819
004 973 789
004 1054 822
004 1113 793
004 1176 825
004 1252 795
004 1321 826
004 1512 799
004 1540 828
004 1569 796
004 1638 825
004 1692 802
004 1758 832
004 1840 808
005 1980 790
005 2011 799
005 1980 817
005 2008 826
005 1989 835
004 1903 825
004 1872 798
004 1779 795
004 1813 832
004 2082 789
004 2178 814
004 2260 789
004 2346 822
004 2469 792
004 2602 817
004 2704 790
004 2850 801
004 2976 810
004 3066 805
004 3153 805
004 3297 801
004 3417 825
004 3541 796
004 3646 822
004 3745 807
005 3202 781
